id,frequency,power1,power2,power3
1,0.0,-85.457,-112.65,-112.864
2,0.013377926421404682,-85.522,-112.152,-112.946
3,0.026755852842809364,-85.676,-112.071,-111.132
4,0.04013377926421405,-84.939,-113.416,-110.694
5,0.05351170568561873,-86.551,-112.034,-112.976
6,0.06688963210702341,-87.163,-112.743,-113.007
7,0.0802675585284281,-87.488,-112.654,-112.576
8,0.09364548494983277,-86.749,-112.616,-111.805
9,0.10702341137123746,-86.683,-113.691,-112.788
10,0.12040133779264214,-87.634,-113.887,-112.765
11,0.13377926421404682,-86.742,-113.65,-113.773
12,0.1471571906354515,-86.337,-114.162,-113.145
13,0.1605351170568562,-84.702,-114.237,-114.53
14,0.17391304347826086,-84.524,-114.194,-115.182
15,0.18729096989966554,-84.687,-115.111,-114.998
16,0.20066889632107024,-85.709,-114.746,-115.043
17,0.2140468227424749,-86.996,-113.86,-114.278
18,0.22742474916387959,-86.691,-115.791,-114.821
19,0.2408026755852843,-85.616,-115.413,-114.445
20,0.25418060200668896,-84.565,-115.79,-115.7
21,0.26755852842809363,-84.205,-114.641,-115.183
22,0.2809364548494983,-85.636,-114.118,-115.418
23,0.294314381270903,-87.59,-114.746,-115.137
24,0.3076923076923077,-88.155,-114.503,-114.389
25,0.3210702341137124,-87.092,-113.226,-114.504
26,0.33444816053511706,-85.447,-115.541,-114.572
27,0.34782608695652173,-83.429,-115.063,-115.282
28,0.3612040133779264,-83.203,-114.367,-115.005
29,0.3745819397993311,-85.27,-114.914,-114.444
30,0.3879598662207358,-86.28,-115.56,-114.981
31,0.4013377926421405,-86.622,-114.971,-113.972
32,0.41471571906354515,-86.292,-115.067,-114.62
33,0.4280936454849498,-85.583,-114.798,-115.288
34,0.4414715719063545,-85.116,-115.213,-115.083
35,0.45484949832775917,-85.298,-115.297,-113.415
36,0.46822742474916385,-85.336,-113.801,-114.982
37,0.4816053511705686,-86.061,-114.994,-114.989
38,0.49498327759197325,-86.323,-114.957,-114.272
39,0.5083612040133779,-86.357,-114.368,-114.906
40,0.5217391304347826,-86.061,-114.782,-113.667
41,0.5351170568561873,-85.73,-114.209,-114.771
42,0.5484949832775919,-84.774,-114.523,-113.023
43,0.5618729096989966,-84.084,-114.239,-114.265
44,0.5752508361204013,-84.295,-115.136,-115.039
45,0.588628762541806,-85.258,-115.711,-115.542
46,0.6020066889632107,-86.484,-114.279,-113.784
47,0.6153846153846154,-87.616,-115.662,-114.885
48,0.6287625418060201,-87.357,-114.158,-113.638
49,0.6421404682274248,-86.971,-114.104,-114.904
50,0.6555183946488294,-85.879,-112.917,-112.698
51,0.6688963210702341,-84.733,-114.861,-116.115
52,0.6822742474916388,-84.744,-114.982,-113.032
53,0.6956521739130435,-85.573,-114.287,-114.643
54,0.7090301003344481,-86.563,-114.847,-112.704
55,0.7224080267558528,-86.831,-113.831,-114.01
56,0.7357859531772575,-86.879,-114.498,-115.01
57,0.7491638795986622,-85.835,-113.715,-114.227
58,0.7625418060200668,-85.094,-113.411,-114.099
59,0.7759197324414716,-85.097,-114.044,-115.042
60,0.7892976588628763,-85.847,-114.264,-114.378
61,0.802675585284281,-86.249,-114.716,-113.619
62,0.8160535117056856,-86.602,-114.451,-114.381
63,0.8294314381270903,-86.401,-113.674,-114.838
64,0.842809364548495,-86.184,-114.134,-112.346
65,0.8561872909698997,-86.067,-112.593,-114.224
66,0.8695652173913043,-86.36,-113.418,-114.274
67,0.882943143812709,-86.528,-114.1,-114.95
68,0.8963210702341137,-86.699,-113.941,-113.8
69,0.9096989966555183,-86.625,-113.693,-114.234
70,0.923076923076923,-86.461,-113.698,-113.089
71,0.9364548494983277,-86.33,-114.576,-112.085
72,0.9498327759197325,-86.36,-113.312,-114.814
73,0.9632107023411371,-86.059,-114.531,-112.681
74,0.9765886287625418,-85.675,-113.869,-112.972
75,0.9899665551839465,-85.78,-114.41,-112.325
76,1.0033444816053512,-86.01,-113.829,-113.107
77,1.0167224080267558,-87.18,-113.494,-113.591
78,1.0301003344481605,-87.566,-114.039,-113.366
79,1.0434782608695652,-87.934,-114.45,-114.282
80,1.0568561872909699,-87.55,-113.592,-113.005
81,1.0702341137123745,-87.298,-112.7,-113.783
82,1.0836120401337792,-87.161,-113.086,-112.982
83,1.0969899665551839,-87.577,-113.48,-113.541
84,1.1103678929765886,-87.614,-113.38,-113.264
85,1.1237458193979932,-87.24,-113.433,-113.548
86,1.137123745819398,-86.151,-112.693,-111.643
87,1.1505016722408026,-85.538,-111.19,-112.699
88,1.1638795986622072,-86.12,-112.33,-112.901
89,1.177257525083612,-87.481,-112.355,-112.765
90,1.1906354515050166,-88.56,-112.301,-112.808
91,1.2040133779264215,-88.83,-110.439,-112.057
92,1.2173913043478262,-88.383,-112.599,-112.851
93,1.2307692307692308,-87.748,-112.039,-112.692
94,1.2441471571906355,-87.253,-112.468,-112.865
95,1.2575250836120402,-86.869,-112.81,-112.893
96,1.2709030100334449,-87.124,-112.195,-112.342
97,1.2842809364548495,-86.864,-113.527,-112.896
98,1.2976588628762542,-86.701,-112.981,-112.407
99,1.3110367892976589,-86.439,-113.194,-113.483
100,1.3244147157190636,-87.184,-113.534,-113.19
101,1.3377926421404682,-88.061,-111.86,-111.508
102,1.351170568561873,-88.523,-112.759,-113.507
103,1.3645484949832776,-88.382,-112.395,-114.068
104,1.3779264214046822,-87.739,-113.44,-112.465
105,1.391304347826087,-86.911,-112.828,-112.833
106,1.4046822742474916,-86.891,-112.191,-112.264
107,1.4180602006688963,-87.24,-113.005,-113.407
108,1.431438127090301,-87.969,-112.471,-113.492
109,1.4448160535117056,-88.118,-111.998,-111.655
110,1.4581939799331103,-87.103,-112.992,-112.439
111,1.471571906354515,-86.004,-112.518,-112.324
112,1.4849498327759196,-85.689,-112.537,-112.354
113,1.4983277591973243,-87.196,-113.007,-112.131
114,1.511705685618729,-88.631,-113.059,-112.696
115,1.5250836120401337,-89.461,-113.133,-112.679
116,1.5384615384615383,-89.258,-113.048,-110.951
117,1.5518394648829432,-88.179,-113.079,-110.867
118,1.565217391304348,-86.39,-112.612,-112.146
119,1.5785953177257526,-84.711,-111.337,-112.605
120,1.5919732441471572,-84.981,-108.986,-111.887
121,1.605351170568562,-86.614,-111.546,-112.296
122,1.6187290969899666,-87.892,-113.08,-111.247
123,1.6321070234113713,-88.534,-112.964,-110.088
124,1.645484949832776,-88.412,-113.125,-113.328
125,1.6588628762541806,-88.291,-112.376,-113.466
126,1.6722408026755853,-88.251,-113.179,-112.436
127,1.68561872909699,-87.738,-111.257,-112.422
128,1.6989966555183946,-87.325,-111.927,-112.894
129,1.7123745819397993,-86.693,-111.625,-112.567
130,1.725752508361204,-86.521,-113.036,-112.335
131,1.7391304347826086,-86.981,-113.075,-113.028
132,1.7525083612040133,-87.257,-112.013,-113.713
133,1.765886287625418,-87.791,-113.124,-113.12
134,1.7792642140468227,-87.626,-112.277,-112.348
135,1.7926421404682273,-87.355,-112.796,-112.619
136,1.806020066889632,-87.048,-114.257,-114.032
137,1.8193979933110367,-87.426,-112.851,-112.259
138,1.8327759197324414,-87.99,-112.003,-113.698
139,1.846153846153846,-88.72,-113.734,-113.802
140,1.8595317725752507,-88.902,-111.875,-113.1
141,1.8729096989966554,-88.1,-113.084,-114.058
142,1.8862876254180603,-86.769,-113.545,-111.851
143,1.899665551839465,-85.062,-110.445,-111.572
144,1.9130434782608696,-84.56,-112.188,-112.754
145,1.9264214046822743,-86.36,-112.565,-112.341
146,1.939799331103679,-88.545,-113.207,-113.269
147,1.9531772575250836,-89.392,-111.34,-113.228
148,1.9665551839464883,-89.57,-112.775,-111.969
149,1.979933110367893,-88.994,-112.312,-112.87
150,1.9933110367892977,-87.851,-112.881,-111.328
151,2.0066889632107023,-86.749,-112.337,-112.635
152,2.020066889632107,-85.858,-112.234,-112.859
153,2.0334448160535117,-86.113,-112.154,-113.656
154,2.0468227424749164,-86.653,-112.091,-113.292
155,2.060200668896321,-87.26,-110.544,-112.041
156,2.0735785953177257,-87.789,-113.773,-112.777
157,2.0869565217391304,-88.496,-110.865,-113.326
158,2.100334448160535,-88.678,-112.503,-111.065
159,2.1137123745819397,-88.683,-111.861,-112.84
160,2.1270903010033444,-88.184,-111.612,-113.169
161,2.140468227424749,-87.454,-111.21,-111.419
162,2.1538461538461537,-86.664,-110.974,-112.318
163,2.1672240802675584,-86.602,-111.94,-111.629
164,2.180602006688963,-86.977,-110.944,-111.518
165,2.1939799331103678,-87.329,-111.196,-111.729
166,2.2073578595317724,-86.717,-111.328,-111.651
167,2.220735785953177,-85.802,-111.425,-110.215
168,2.234113712374582,-85.408,-111.297,-110.952
169,2.2474916387959865,-86.17,-111.453,-111.974
170,2.260869565217391,-87.88,-110.246,-109.617
171,2.274247491638796,-89.107,-110.476,-109.772
172,2.2876254180602005,-89.644,-110.014,-110.865
173,2.301003344481605,-89.186,-110.922,-109.542
174,2.31438127090301,-87.898,-110.54,-109.865
175,2.3277591973244145,-85.663,-109.913,-108.934
176,2.341137123745819,-83.413,-110.389,-110.191
177,2.354515050167224,-83.369,-110.306,-110.201
178,2.3678929765886285,-85.845,-110.963,-111.327
179,2.381270903010033,-87.714,-109.704,-110.42
180,2.394648829431438,-88.612,-111.672,-112.221
181,2.408026755852843,-88.577,-111.529,-111.448
182,2.4214046822742477,-87.928,-111.584,-109.51
183,2.4347826086956523,-87.534,-112.044,-111.406
184,2.448160535117057,-87.211,-110.747,-111.757
185,2.4615384615384617,-87.383,-110.13,-111.844
186,2.4749163879598663,-86.732,-112.328,-112.637
187,2.488294314381271,-86.175,-112.562,-112.29
188,2.5016722408026757,-85.731,-113.59,-112.544
189,2.5150501672240804,-85.523,-112.886,-112.256
190,2.528428093645485,-86.627,-112.385,-112.208
191,2.5418060200668897,-87.066,-112.16,-113.282
192,2.5551839464882944,-87.621,-113.175,-111.893
193,2.568561872909699,-87.323,-112.78,-110.901
194,2.5819397993311037,-87.04,-110.199,-112.269
195,2.5953177257525084,-87.137,-112.682,-112.168
196,2.608695652173913,-87.444,-111.116,-113.068
197,2.6220735785953178,-87.8,-111.902,-111.942
198,2.6354515050167224,-86.942,-111.546,-111.854
199,2.648829431438127,-86.435,-111.95,-112.037
200,2.6622073578595318,-85.202,-112.216,-111.621
201,2.6755852842809364,-85.439,-110.774,-111.083
202,2.688963210702341,-86.556,-111.665,-110.629
203,2.702341137123746,-87.633,-109.614,-110.6
204,2.7157190635451505,-88.587,-110.972,-111.36
205,2.729096989966555,-88.793,-111.987,-110.076
206,2.74247491638796,-88.525,-110.585,-111.98
207,2.7558528428093645,-87.917,-109.86,-110.987
208,2.769230769230769,-86.652,-111.475,-110.863
209,2.782608695652174,-85.191,-110.442,-110.1
210,2.7959866220735785,-84.53,-110.883,-109.319
211,2.809364548494983,-84.803,-110.752,-110.917
212,2.822742474916388,-86.252,-110.426,-109.821
213,2.8361204013377925,-87.812,-109.35,-110.563
214,2.849498327759197,-88.515,-110.093,-109.955
215,2.862876254180602,-88.86,-109.383,-110.154
216,2.8762541806020065,-88.855,-109.982,-108.614
217,2.8896321070234112,-87.899,-110.485,-110.871
218,2.903010033444816,-86.242,-110.236,-110.505
219,2.9163879598662206,-84.897,-109.565,-109.649
220,2.9297658862876252,-85.051,-110.429,-110.47
221,2.94314381270903,-86.366,-110.979,-110.597
222,2.9565217391304346,-87.088,-110.223,-110.812
223,2.9698996655518393,-87.44,-110.785,-110.706
224,2.983277591973244,-86.58,-111.683,-111.209
225,2.9966555183946486,-86.039,-111.279,-110.499
226,3.0100334448160533,-86.632,-110.388,-109.68
227,3.023411371237458,-87.801,-110.03,-110.922
228,3.0367892976588626,-88.702,-109.606,-109.242
229,3.0501672240802673,-89.061,-110.828,-109.959
230,3.063545150501672,-88.703,-110.139,-110.783
231,3.0769230769230766,-87.545,-109.508,-110.382
232,3.0903010033444818,-85.531,-109.504,-109.174
233,3.1036789297658864,-83.731,-109.772,-110.465
234,3.117056856187291,-84.058,-109.218,-107.763
235,3.130434782608696,-85.885,-109.343,-108.955
236,3.1438127090301005,-87.8,-109.195,-108.699
237,3.157190635451505,-88.954,-109.53,-110.034
238,3.17056856187291,-89.45,-110.031,-109.174
239,3.1839464882943145,-89.457,-109.14,-109.357
240,3.197324414715719,-88.636,-110.099,-108.941
241,3.210702341137124,-87.582,-109.274,-109.773
242,3.2240802675585285,-85.634,-109.329,-109.914
243,3.237458193979933,-84.399,-109.547,-110.445
244,3.250836120401338,-85.265,-109.184,-109.195
245,3.2642140468227425,-86.784,-109.316,-108.463
246,3.277591973244147,-88.048,-109.245,-110.624
247,3.290969899665552,-88.841,-109.147,-110.767
248,3.3043478260869565,-88.771,-110.384,-109.252
249,3.317725752508361,-87.842,-109.97,-109.782
250,3.331103678929766,-87.023,-110.09,-109.571
251,3.3444816053511706,-87.029,-110.017,-109.246
252,3.3578595317725752,-87.874,-109.547,-109.748
253,3.37123745819398,-88.396,-108.417,-109.814
254,3.3846153846153846,-88.223,-110.26,-109.957
255,3.3979933110367893,-87.384,-109.05,-109.952
256,3.411371237458194,-85.936,-109.438,-108.657
257,3.4247491638795986,-84.588,-107.926,-108.178
258,3.4381270903010033,-85.437,-108.732,-109.414
259,3.451505016722408,-87.39,-109.604,-109.215
260,3.4648829431438126,-88.736,-109.455,-107.918
261,3.4782608695652173,-89.376,-108.192,-107.776
262,3.491638795986622,-89.828,-107.812,-108.868
263,3.5050167224080266,-89.34,-107.547,-107.403
264,3.5183946488294313,-88.298,-107.082,-107.813
265,3.531772575250836,-86.409,-108.557,-107.024
266,3.5451505016722407,-84.116,-108.68,-106.917
267,3.5585284280936453,-83.906,-107.907,-108.056
268,3.57190635451505,-86.111,-107.661,-108.24
269,3.5852842809364547,-88.194,-107.801,-107.091
270,3.5986622073578594,-89.391,-108.002,-107.027
271,3.612040133779264,-89.742,-108.761,-108.436
272,3.6254180602006687,-89.536,-107.435,-108.695
273,3.6387959866220734,-88.338,-108.794,-109.272
274,3.652173913043478,-86.901,-105.682,-107.992
275,3.6655518394648827,-85.956,-106.463,-109.221
276,3.6789297658862874,-86.433,-106.091,-108.41
277,3.692307692307692,-87.644,-108.414,-109.142
278,3.7056856187290967,-88.624,-109.272,-109.161
279,3.7190635451505014,-88.468,-109.179,-109.602
280,3.732441471571906,-87.538,-108.809,-108.515
281,3.7458193979933108,-86.494,-109.257,-108.262
282,3.7591973244147154,-86.654,-109.107,-108.375
283,3.7725752508361206,-87.449,-107.429,-107.095
284,3.7859531772575252,-89.07,-108.871,-108.394
285,3.79933110367893,-89.654,-107.794,-108.088
286,3.8127090301003346,-89.767,-108.986,-106.93
287,3.8260869565217392,-88.78,-106.581,-108.07
288,3.839464882943144,-87.254,-108.223,-106.961
289,3.8528428093645486,-85.138,-108.057,-108.002
290,3.8662207357859533,-84.886,-107.181,-107.38
291,3.879598662207358,-86.685,-108.402,-108.273
292,3.8929765886287626,-87.856,-108.634,-108.322
293,3.9063545150501673,-89.3,-107.328,-108.343
294,3.919732441471572,-89.974,-107.682,-107.182
295,3.9331103678929766,-89.959,-107.981,-107.807
296,3.9464882943143813,-89.27,-108.998,-108.842
297,3.959866220735786,-87.745,-105.311,-106.551
298,3.9732441471571907,-86.428,-107.084,-106.304
299,3.9866220735785953,-85.284,-107.18,-105.928
300,4.0,-85.324,-106.633,-107.248
