id,frequency,power1,power2,power3
1,0.0,-86.133,-107.977,-105.884
2,0.01507537688442211,-83.916,-112.012,-111.902
3,0.03015075376884422,-81.851,-111.294,-110.746
4,0.04522613065326633,-82.411,-111.656,-112.519
5,0.06030150753768844,-83.768,-112.466,-111.952
6,0.07537688442211055,-84.118,-112.46,-112.882
7,0.09045226130653267,-83.804,-112.622,-112.67
8,0.10552763819095477,-83.259,-111.363,-112.547
9,0.12060301507537688,-84.621,-112.713,-113.47
10,0.135678391959799,-83.577,-113.276,-113.375
11,0.1507537688442211,-82.741,-113.914,-115.108
12,0.1658291457286432,-81.619,-114.063,-113.134
13,0.18090452261306533,-81.644,-112.172,-114.55
14,0.19597989949748743,-82.399,-114.255,-114.86
15,0.21105527638190955,-83.219,-114.274,-115.563
16,0.22613065326633164,-83.437,-115.403,-115.316
17,0.24120603015075376,-82.594,-114.314,-115.752
18,0.2562814070351759,-81.828,-114.826,-115.054
19,0.271356783919598,-81.231,-115.393,-115.204
20,0.28643216080402006,-83.18,-114.866,-113.985
21,0.3015075376884422,-84.579,-114.235,-114.84
22,0.3165829145728643,-84.313,-115.272,-114.81
23,0.3316582914572864,-83.243,-114.536,-113.737
24,0.34673366834170855,-80.715,-115.913,-115.888
25,0.36180904522613067,-80.151,-114.711,-114.426
26,0.37688442211055273,-81.793,-115.522,-114.296
27,0.39195979899497485,-83.102,-114.664,-113.711
28,0.40703517587939697,-83.756,-114.864,-114.94
29,0.4221105527638191,-83.451,-115.311,-114.31
30,0.4371859296482412,-81.93,-115.417,-115.276
31,0.4522613065326633,-81.779,-115.526,-113.308
32,0.4673366834170854,-82.354,-114.783,-115.904
33,0.4824120603015075,-83.104,-113.988,-114.887
34,0.49748743718592964,-83.702,-115.628,-116.052
35,0.5125628140703518,-83.352,-115.299,-114.674
36,0.5276381909547738,-82.708,-115.124,-114.179
37,0.542713567839196,-81.852,-114.982,-115.143
38,0.5577889447236181,-81.09,-114.894,-114.113
39,0.5728643216080401,-81.302,-114.681,-114.852
40,0.5879396984924623,-82.408,-114.872,-115.508
41,0.6030150753768844,-83.522,-114.159,-114.441
42,0.6180904522613065,-84.443,-115.583,-114.258
43,0.6331658291457286,-84.291,-113.901,-114.817
44,0.6482412060301507,-83.266,-114.134,-114.778
45,0.6633165829145728,-82.094,-114.423,-113.989
46,0.6783919597989949,-81.648,-113.922,-113.921
47,0.6934673366834171,-82.442,-113.825,-114.535
48,0.7085427135678392,-83.502,-115.172,-114.119
49,0.7236180904522613,-83.623,-114.204,-113.729
50,0.7386934673366834,-83.41,-114.932,-113.977
51,0.7537688442211055,-82.594,-114.61,-115.477
52,0.7688442211055276,-82.155,-114.289,-115.298
53,0.7839195979899497,-82.643,-114.861,-114.021
54,0.7989949748743719,-83.063,-114.877,-113.552
55,0.8140703517587939,-83.16,-112.898,-113.178
56,0.829145728643216,-83.519,-114.391,-113.3
57,0.8442211055276382,-83.392,-113.756,-114.137
58,0.8592964824120602,-83.256,-114.794,-114.628
59,0.8743718592964824,-83.513,-114.335,-113.523
60,0.8894472361809045,-83.368,-113.528,-113.542
61,0.9045226130653266,-83.502,-113.328,-112.733
62,0.9195979899497487,-83.561,-113.528,-114.193
63,0.9346733668341708,-83.604,-114.941,-113.521
64,0.949748743718593,-83.531,-114.337,-115.0
65,0.964824120603015,-82.973,-114.469,-112.539
66,0.9798994974874371,-82.352,-113.002,-113.94
67,0.9949748743718593,-82.893,-112.866,-113.054
68,1.0100502512562815,-84.039,-113.577,-113.418
69,1.0251256281407035,-84.568,-114.179,-113.671
70,1.0402010050251256,-84.952,-112.782,-113.306
71,1.0552763819095476,-84.362,-113.44,-114.287
72,1.0703517587939697,-84.378,-113.859,-112.784
73,1.085427135678392,-84.336,-113.447,-114.248
74,1.100502512562814,-84.553,-114.128,-113.037
75,1.1155778894472361,-84.412,-114.287,-113.318
76,1.1306532663316582,-83.601,-113.019,-113.296
77,1.1457286432160803,-82.666,-112.69,-113.006
78,1.1608040201005025,-83.058,-112.729,-113.516
79,1.1758793969849246,-84.631,-113.233,-112.557
80,1.1909547738693467,-85.619,-111.286,-112.401
81,1.2060301507537687,-85.734,-112.617,-110.836
82,1.2211055276381908,-85.388,-112.837,-112.616
83,1.236180904522613,-84.94,-111.165,-112.39
84,1.2512562814070352,-84.184,-111.756,-112.864
85,1.2663316582914572,-84.273,-112.322,-113.457
86,1.2814070351758793,-84.023,-113.214,-112.707
87,1.2964824120603013,-83.632,-112.892,-113.007
88,1.3115577889447236,-83.573,-113.466,-112.627
89,1.3266331658291457,-84.337,-110.331,-112.259
90,1.3417085427135678,-85.38,-112.98,-111.793
91,1.3567839195979898,-85.842,-113.281,-112.628
92,1.371859296482412,-85.213,-111.567,-113.014
93,1.3869346733668342,-84.158,-113.331,-111.839
94,1.4020100502512562,-83.752,-114.275,-113.479
95,1.4170854271356783,-84.438,-112.998,-112.75
96,1.4321608040201004,-85.095,-112.562,-113.596
97,1.4472361809045227,-85.07,-113.438,-112.169
98,1.4623115577889447,-83.977,-113.824,-112.36
99,1.4773869346733668,-82.86,-112.422,-112.694
100,1.4924623115577889,-83.623,-111.921,-111.794
101,1.507537688442211,-85.704,-112.401,-112.677
102,1.5226130653266332,-86.877,-112.364,-112.287
103,1.5376884422110553,-86.76,-111.807,-112.885
104,1.5527638190954773,-85.416,-111.589,-113.269
105,1.5678391959798994,-83.542,-112.043,-112.494
106,1.5829145728643215,-82.08,-112.023,-112.826
107,1.5979899497487438,-83.205,-112.637,-113.679
108,1.6130653266331658,-84.958,-112.636,-112.779
109,1.6281407035175879,-85.908,-111.763,-112.885
110,1.64321608040201,-85.984,-113.583,-113.105
111,1.658291457286432,-86.124,-111.504,-111.768
112,1.6733668341708543,-85.883,-112.837,-113.087
113,1.6884422110552764,-85.462,-111.351,-111.931
114,1.7035175879396984,-85.032,-112.662,-111.968
115,1.7185929648241205,-84.301,-113.024,-112.276
116,1.7336683417085426,-84.518,-113.595,-113.098
117,1.7487437185929648,-85.427,-112.492,-113.059
118,1.763819095477387,-85.951,-112.601,-113.262
119,1.778894472361809,-86.028,-111.962,-113.346
120,1.793969849246231,-85.902,-111.953,-112.566
121,1.809045226130653,-86.268,-112.169,-112.875
122,1.8241206030150754,-87.081,-112.289,-112.537
123,1.8391959798994975,-87.983,-112.383,-112.395
124,1.8542713567839195,-89.119,-113.105,-111.308
125,1.8693467336683416,-88.897,-112.517,-110.978
126,1.8844221105527637,-88.851,-112.596,-112.037
127,1.899497487437186,-87.083,-112.683,-112.624
128,1.914572864321608,-89.171,-112.906,-111.864
129,1.92964824120603,-91.544,-111.4,-111.713
130,1.9447236180904521,-94.21,-111.627,-111.599
131,1.9597989949748742,-99.85,-111.923,-111.733
132,1.9748743718592965,-99.846,-111.705,-112.631
133,1.9899497487437185,-102.186,-112.225,-112.288
134,2.0050251256281406,-93.511,-112.744,-112.314
135,2.020100502512563,-90.999,-112.487,-113.145
136,2.0351758793969847,-88.064,-113.436,-112.519
137,2.050251256281407,-90.217,-113.44,-112.233
138,2.065326633165829,-89.791,-112.905,-112.846
139,2.080402010050251,-89.05,-112.082,-112.889
140,2.0954773869346734,-89.232,-112.93,-113.118
141,2.1105527638190953,-89.083,-111.923,-111.598
142,2.1256281407035176,-87.884,-112.465,-111.183
143,2.1407035175879394,-86.624,-112.064,-111.046
144,2.1557788944723617,-85.695,-111.472,-111.369
145,2.170854271356784,-85.118,-112.449,-109.468
146,2.185929648241206,-85.874,-112.711,-110.008
147,2.201005025125628,-85.175,-112.02,-111.491
148,2.21608040201005,-84.246,-111.659,-111.385
149,2.2311557788944723,-83.269,-110.827,-110.569
150,2.2462311557788945,-84.008,-110.491,-110.059
151,2.2613065326633164,-85.659,-110.328,-110.867
152,2.2763819095477387,-87.011,-109.039,-110.423
153,2.2914572864321605,-87.392,-109.519,-110.62
154,2.306532663316583,-86.324,-109.586,-109.8
155,2.321608040201005,-84.192,-109.873,-110.091
156,2.336683417085427,-81.462,-110.065,-110.033
157,2.351758793969849,-80.446,-110.897,-108.642
158,2.366834170854271,-82.99,-110.127,-110.854
159,2.3819095477386933,-84.963,-110.603,-110.338
160,2.3969849246231156,-85.747,-111.503,-110.738
161,2.4120603015075375,-85.677,-111.952,-111.142
162,2.4271356783919598,-84.917,-111.931,-112.425
163,2.4422110552763816,-84.51,-110.068,-112.022
164,2.457286432160804,-84.459,-112.107,-111.456
165,2.472361809045226,-84.233,-112.138,-113.235
166,2.487437185929648,-83.533,-112.216,-111.946
167,2.5025125628140703,-82.923,-112.508,-111.833
168,2.517587939698492,-83.097,-112.396,-113.006
169,2.5326633165829144,-84.133,-111.305,-112.529
170,2.5477386934673367,-84.438,-112.011,-111.683
171,2.5628140703517586,-84.648,-112.616,-112.7
172,2.577889447236181,-84.531,-109.789,-111.99
173,2.5929648241206027,-84.154,-112.019,-112.175
174,2.608040201005025,-84.379,-111.618,-111.062
175,2.6231155778894473,-84.635,-112.044,-112.219
176,2.638190954773869,-84.258,-111.807,-112.942
177,2.6532663316582914,-83.219,-111.874,-111.686
178,2.6683417085427132,-82.374,-111.898,-110.595
179,2.6834170854271355,-82.879,-112.066,-112.665
180,2.698492462311558,-84.745,-109.643,-111.48
181,2.7135678391959797,-85.533,-110.281,-111.428
182,2.728643216080402,-85.908,-112.038,-111.842
183,2.743718592964824,-85.38,-112.095,-111.326
184,2.758793969849246,-84.455,-110.856,-111.913
185,2.7738693467336684,-83.267,-111.142,-111.569
186,2.78894472361809,-82.051,-110.589,-110.306
187,2.8040201005025125,-81.51,-110.617,-110.987
188,2.8190954773869343,-82.883,-110.655,-109.59
189,2.8341708542713566,-84.609,-110.708,-110.328
190,2.849246231155779,-85.754,-109.593,-109.846
191,2.8643216080402008,-86.381,-109.684,-109.563
192,2.879396984924623,-85.926,-109.698,-109.971
193,2.8944723618090453,-84.467,-110.015,-107.792
194,2.909547738693467,-82.743,-109.854,-109.765
195,2.9246231155778895,-81.863,-110.655,-108.876
196,2.9396984924623113,-83.115,-109.999,-109.89
197,2.9547738693467336,-84.394,-109.735,-111.147
198,2.969849246231156,-84.351,-111.42,-111.083
199,2.9849246231155777,-83.502,-109.765,-110.464
200,3.0,-83.03,-108.853,-110.846
